368 353 -2
368 355 1
368 357 1
368 358 1
368 363 -2
368 366 -2
368 367 1
367 353 -2
367 355 2
367 357 1
367 358 1
367 361 1
367 362 -1
367 366 -2
366 354 1
366 359 1
366 360 2
366 362 2
366 363 1
366 368 -1
365 352 2
365 354 2
365 359 1
365 364 2
364 352 2
364 353 1
364 360 1
364 365 2
364 366 1
362 351 1
362 353 1
362 354 2
362 355 1
362 356 1
362 357 -1
362 358 1
362 359 1
362 360 2
362 361 1
362 363 2
362 364 1
362 365 1
362 366 2
362 368 -1
361 351 1
361 353 -1
361 355 1
361 356 -1
361 357 1
361 358 1
361 360 1
361 367 1
361 368 1
360 362 2
360 363 1
360 366 2
359 352 1
359 353 1
359 354 1
359 355 1
359 357 1
359 358 1
359 360 1
359 361 1
359 362 1
359 363 1
359 364 1
359 365 1
359 366 1
359 367 1
358 352 1
358 353 -2
358 354 1
358 355 2
358 356 1
358 357 1
358 360 1
358 361 1
358 362 -2
358 367 1
358 368 2
358 369 1
357 351 -2
357 353 -2
357 354 1
357 355 2
357 356 -2
357 358 2
357 361 1
357 362 -2
357 366 -2
357 367 2
357 368 2
357 369 2
356 351 2
356 353 2
356 354 1
356 355 1
356 357 -1
356 358 1
356 360 1
356 363 1
356 367 1
356 369 2
355 351 1
355 352 1
355 353 1
355 354 1
355 356 1
355 357 1
355 358 1
355 359 1
355 360 1
355 361 1
355 362 1
355 363 1
355 364 1
355 365 1
355 366 1
355 367 2
355 368 1
355 369 1
354 352 1
354 353 2
354 355 1
354 359 1
354 360 1
354 362 1
354 363 1
354 364 2
354 365 2
354 366 1
354 369 1
353 351 2
353 354 2
353 356 2
353 357 -2
353 360 1
353 362 1
353 363 1
353 364 1
353 368 -2
352 353 1
352 354 1
352 359 1
352 360 1
352 362 1
352 363 1
352 364 2
352 365 2
351 353 1
351 356 2
351 357 -2