207 191 1
207 194 2
207 201 -1
207 202 1
207 205 2
207 206 2
206 191 2
206 194 1
206 196 1
206 197 2
206 198 2
206 199 2
206 201 1
206 202 2
206 204 1
206 207 1
205 193 1
205 194 2
205 195 2
205 199 1
205 201 1
205 202 2
205 204 2
205 207 2
204 191 1
204 192 1
204 193 1
204 194 1
204 195 2
204 196 2
204 197 2
204 198 1
204 199 2
204 202 1
204 203 1
204 205 1
204 206 1
204 207 1
203 191 1
203 192 1
203 193 1
203 194 1
203 195 2
203 196 1
203 197 1
203 198 1
203 199 1
203 200 1
203 201 1
203 202 1
203 204 1
203 205 1
203 206 1
203 207 1
199 191 1
199 192 1
199 194 1
199 196 1
199 197 2
199 198 1
199 202 1
199 204 2
199 205 1
198 191 2
198 194 1
198 197 2
198 199 1
198 204 1
198 206 1
197 191 2
197 192 1
197 193 1
197 194 1
197 195 1
197 196 2
197 198 2
197 199 2
197 200 1
197 201 1
197 202 1
197 203 1
197 204 2
197 205 1
197 206 1
197 207 1
196 191 2
196 192 2
196 193 2
196 194 2
196 195 2
196 197 2
196 198 1
196 199 2
196 201 1
196 202 1
196 203 1
196 204 1
196 205 1
196 206 1
196 207 1
195 191 1
195 192 1
195 193 1
195 194 1
195 196 1
195 198 1
195 200 1
195 202 1
195 203 2
195 204 2
195 205 2
194 191 1
194 192 1
194 193 2
194 195 2
194 196 1
194 197 1
194 198 1
194 199 1
194 201 1
194 202 1
194 203 1
194 204 1
194 205 2
194 206 1
194 207 2
193 191 2
193 192 2
193 194 2
193 195 1
193 196 1
193 197 1
193 198 2
193 199 2
193 201 1
193 203 2
193 204 1
193 205 1
193 206 1
192 193 2
192 194 1
192 195 1
192 196 1
192 197 2
192 198 1
192 199 2
192 201 1
192 202 1
192 203 1
192 204 1
192 205 1
192 206 1
192 207 1
191 198 -2