245 227 1
245 228 -1
245 229 1
245 238 1
245 240 -1
245 242 -1
245 243 2
245 244 1
244 227 2
244 228 1
244 229 2
244 230 2
244 231 1
244 237 1
244 238 2
244 241 1
244 243 2
244 245 2
243 227 1
243 228 -1
243 229 1
243 238 1
243 240 -1
243 242 -1
243 244 1
243 245 2
242 226 1
242 228 1
242 229 1
242 230 1
242 231 2
242 232 1
242 233 1
242 235 1
242 237 1
242 240 2
242 241 1
242 243 1
242 244 1
242 245 1
241 225 2
241 226 2
241 227 2
241 228 -2
241 229 1
241 230 2
241 232 2
241 233 1
241 236 2
241 238 2
241 240 -2
241 242 -1
241 243 2
241 245 2
240 225 -2
240 227 -1
240 230 1
240 231 1
240 237 -2
240 242 2
239 229 1
239 235 1
239 238 1
238 227 1
238 228 1
238 229 1
238 232 1
238 233 1
238 235 1
238 236 1
238 239 1
238 241 -1
238 243 1
238 244 1
238 245 1
237 225 2
237 227 2
237 229 1
237 231 1
237 233 2
237 236 1
237 241 2
236 225 1
236 227 1
236 237 1
236 238 1
236 241 1
235 229 2
235 237 1
235 238 1
235 239 1
233 225 -1
233 226 1
233 229 2
233 232 2
233 235 -1
233 237 1
233 240 1
233 241 -1
232 225 1
232 229 2
232 233 2
232 235 1
232 237 1
232 240 1
232 241 1
231 227 2
231 230 2
231 235 2
231 240 1
231 242 1
231 243 1
231 244 1
231 245 1
230 226 1
230 231 2
230 235 2
230 236 -1
230 240 1
230 241 -1
230 242 1
230 243 2
230 244 2
230 245 2
229 227 2
229 232 1
229 233 1
229 235 1
229 238 1
229 243 2
229 245 2
228 226 1
227 225 2
227 229 1
227 231 2
227 237 1
227 238 1
227 241 -1
227 243 1
227 244 1
227 245 1
226 228 2
226 229 1
226 230 1
226 231 1
226 232 1
226 233 2
226 235 1
226 240 1
226 241 1
226 242 1
226 243 1
226 244 1
226 245 1
225 227 1
225 229 1
225 232 1
225 236 1
225 237 1