224 213 1
224 216 1
223 208 -1
223 209 1
223 210 1
223 211 -1
223 212 2
223 213 -1
223 214 -1
223 215 1
223 216 1
223 217 1
223 218 1
223 220 1
223 221 1
223 222 1
222 209 1
222 210 1
222 211 -1
222 212 1
222 213 -1
222 214 -1
222 215 1
222 217 1
222 218 1
222 219 1
222 220 1
222 221 1
222 223 1
221 208 2
221 209 2
221 210 1
221 211 1
221 212 1
221 213 2
221 214 1
221 215 2
221 216 2
221 217 1
221 218 2
221 219 1
221 220 1
221 222 1
221 223 1
221 224 1
220 208 -1
220 210 2
220 211 2
220 212 2
220 213 2
220 215 2
220 216 1
220 218 1
220 223 2
219 208 1
219 214 2
219 215 -1
219 218 1
219 220 1
219 221 1
219 222 1
219 224 1
218 208 1
218 209 1
218 210 1
218 211 1
218 212 1
218 213 1
218 214 1
218 215 -1
218 216 1
218 217 1
218 219 1
218 220 2
218 221 1
218 222 1
218 223 1
218 224 1
217 210 1
217 211 1
217 215 1
217 218 -1
217 220 1
217 222 1
216 208 2
216 212 -2
216 213 2
216 214 -2
216 215 1
216 218 1
216 221 2
216 224 1
215 209 1
215 210 2
215 211 2
215 212 1
215 216 1
215 217 1
215 218 1
215 220 2
215 221 1
215 222 1
215 223 1
214 215 -1
214 219 2
213 208 2
213 210 -1
213 211 -1
213 214 -2
213 215 1
213 216 2
213 218 1
213 219 -2
213 220 2
213 221 2
213 224 1
212 209 1
212 210 2
212 211 2
212 215 2
212 217 1
212 218 1
212 220 2
212 222 1
212 223 2
211 210 2
211 212 1
211 213 -1
211 214 -1
211 215 2
211 216 1
211 217 1
211 218 1
211 220 1
211 221 1
211 222 1
211 223 1
210 211 2
210 212 1
210 215 2
210 220 2
210 222 1
210 223 1
208 209 1
208 213 2
208 214 -2
208 216 2
208 218 1
208 219 1
208 221 1
208 224 1