268 246 1
268 247 1
268 250 1
268 253 1
268 254 1
268 255 1
268 258 1
268 259 1
268 260 1
268 262 1
268 263 1
267 248 2
267 251 -2
267 256 2
267 257 -1
267 260 1
267 261 -1
267 262 1
267 266 2
266 246 1
266 247 1
266 248 2
266 249 1
266 250 1
266 251 -1
266 252 1
266 253 1
266 254 1
266 255 1
266 256 2
266 257 1
266 258 1
266 259 2
266 260 2
266 261 1
266 262 2
266 263 2
266 264 2
266 265 2
266 267 2
265 246 1
265 247 1
265 248 2
265 249 2
265 250 1
265 251 1
265 252 1
265 253 1
265 254 1
265 255 1
265 256 2
265 257 2
265 258 2
265 259 2
265 260 1
265 261 1
265 262 1
265 263 1
265 264 2
265 266 2
265 267 2
265 268 1
264 246 1
264 247 2
264 248 1
264 249 1
264 250 1
264 251 1
264 252 1
264 253 1
264 254 1
264 255 1
264 256 1
264 257 2
264 258 1
264 259 1
264 260 2
264 261 1
264 262 1
264 263 1
264 265 -1
264 266 2
264 267 1
264 268 1
263 246 2
263 247 1
263 248 -1
263 250 1
263 251 -2
263 252 2
263 253 2
263 254 2
263 255 2
263 257 2
263 258 1
263 259 2
263 260 2
263 261 1
263 262 2
263 264 -1
263 265 2
263 266 2
263 267 2
263 268 2
262 246 2
262 247 1
262 248 1
262 249 1
262 250 1
262 251 -2
262 252 1
262 253 2
262 254 2
262 255 2
262 256 2
262 257 2
262 258 1
262 259 2
262 260 2
262 261 2
262 263 2
262 264 1
262 265 1
262 266 2
262 267 2
262 268 2
261 259 2
260 246 1
260 247 1
260 248 1
260 249 1
260 250 1
260 251 -2
260 252 1
260 253 2
260 254 2
260 255 1
260 256 1
260 257 1
260 258 2
260 259 2
260 261 2
260 262 2
260 263 2
260 264 2
260 265 1
260 266 1
260 267 2
260 268 1
259 246 1
259 247 1
259 248 2
259 249 2
259 250 1
259 252 1
259 253 1
259 254 2
259 255 2
259 256 1
259 257 2
259 258 1
259 260 2
259 261 1
259 262 2
259 263 2
259 264 1
259 265 1
259 266 1
259 267 1
259 268 1
258 246 1
258 251 -1
258 253 1
258 254 2
258 255 1
258 256 -2
258 260 2
258 262 2
258 263 -2
258 264 -2
258 265 2
258 266 -2
258 267 1
257 246 1
257 247 1
257 248 1
257 249 1
257 250 1
257 251 1
257 252 1
257 253 1
257 254 1
257 255 1
257 256 2
257 258 1
257 259 2
257 260 1
257 261 1
257 262 2
257 263 2
257 264 2
257 265 1
257 266 1
257 267 1
257 268 1
256 246 2
256 247 1
256 248 1
256 249 1
256 252 1
256 253 1
256 254 1
256 255 1
256 257 1
256 259 1
256 260 1
256 262 2
256 263 1
256 265 2
256 266 1
256 267 2
255 246 2
255 247 2
255 249 2
255 250 2
255 251 2
255 252 2
255 253 2
255 254 2
255 256 2
255 257 2
255 258 2
255 259 2
255 260 2
255 261 2
255 262 2
255 263 2
255 264 2
255 265 2
255 266 2
255 267 2
255 268 2
254 251 -1
254 253 2
254 255 2
254 259 2
254 260 2
254 262 2
254 263 2
254 268 1
253 246 2
253 251 -1
253 252 2
253 254 2
253 258 2
253 259 2
253 260 2
253 262 2
253 263 2
253 266 1
253 267 1
252 246 1
252 251 -1
252 253 1
252 254 1
252 256 1
252 257 1
252 258 1
252 259 1
252 260 1
252 262 -1
252 263 1
251 260 -2
251 262 -1
251 264 1
250 248 1
250 256 1
250 258 1
250 261 1
250 268 1
249 246 1
249 247 1
249 248 2
249 250 1
249 251 -2
249 252 1
249 254 2
249 255 2
249 256 2
249 257 1
249 259 2
249 260 2
249 262 2
249 263 2
249 264 1
249 265 1
249 266 1
249 267 2
249 268 1
248 249 1
248 256 2
248 257 1
248 259 1
248 261 1
248 263 -1
248 265 -1
248 266 1
248 267 2
247 246 1
247 248 1
247 249 1
247 251 -2
247 256 1
247 257 2
247 264 2