403 390 1
403 393 1
403 394 2
403 395 -1
403 397 2
403 399 2
403 400 1
403 402 1
403 404 2
402 389 1
402 392 1
402 393 2
402 394 2
402 395 1
402 397 1
402 398 2
402 399 2
402 400 1
402 401 1
402 404 1
401 389 1
401 390 1
401 391 1
401 392 1
401 393 2
401 394 1
401 395 2
401 396 1
401 397 1
401 398 1
401 399 2
401 400 2
401 402 2
401 403 1
401 404 1
400 390 1
400 392 2
400 393 2
400 394 1
400 395 2
400 397 1
400 398 1
400 399 1
400 401 2
400 402 1
400 403 1
400 404 1
399 392 1
399 393 2
399 394 2
399 395 -2
399 397 2
399 398 1
399 400 1
399 401 1
399 402 2
399 403 2
399 404 2
398 389 1
398 390 2
398 391 1
398 392 2
398 393 2
398 394 2
398 395 2
398 396 1
398 397 2
398 399 2
398 400 2
398 401 2
398 402 2
398 403 1
398 404 2
397 392 1
397 393 2
397 394 2
397 395 -2
397 398 2
397 399 2
397 400 1
397 401 1
397 402 2
397 403 2
397 404 1
396 391 2
396 392 2
396 404 2
395 389 1
395 390 1
395 391 1
395 392 1
395 393 2
395 394 1
395 396 1
395 397 1
395 398 2
395 399 1
395 400 2
395 401 2
395 402 2
395 403 1
395 404 1
394 389 -1
394 390 1
394 391 1
394 392 2
394 393 1
394 395 1
394 396 1
394 397 1
394 398 2
394 399 2
394 400 1
394 401 1
394 402 2
394 403 1
394 404 1
392 389 2
392 390 2
392 391 2
392 393 2
392 394 2
392 395 1
392 396 2
392 397 2
392 398 2
392 399 2
392 400 2
392 401 2
392 402 2
392 403 2
392 404 2
390 392 1
390 393 2
390 398 2
390 403 1
390 404 1
389 402 1497 471 -2
497 473 1
497 475 1
497 476 1
497 478 -1
497 481 -1
497 484 1
497 485 1
497 486 1
497 487 1
497 488 1
497 489 1
497 490 1
497 491 1
497 492 1
497 493 2
497 494 1
497 495 1
497 496 2
496 472 1
496 473 2
496 474 1
496 475 1
496 476 1
496 477 1
496 482 1
496 483 1
496 485 2
496 486 1
496 489 1
496 490 2
496 492 1
496 493 1
496 494 2
496 495 2
496 497 1
495 473 2
495 474 1
495 485 2
495 488 -2
495 490 2
495 491 1
495 492 -1
495 496 2
494 472 1
494 473 1
494 474 1
494 475 1
494 476 2
494 480 2
494 481 1
494 482 2
494 483 2
494 485 2
494 487 1
494 489 1
494 490 1
494 491 1
494 492 1
494 493 1
494 495 1
494 496 2
494 497 1
493 474 2
493 475 1
493 476 1
493 477 2
493 479 1
493 481 1
493 482 1
493 483 1
493 484 1
493 485 1
493 486 1
493 487 1
493 488 1
493 489 1
493 490 1
493 491 1
493 492 2
493 494 1
493 495 1
493 496 1
493 497 1
492 474 2
492 477 2
492 485 1
492 490 1
492 493 2
491 484 -1
491 488 -2
491 489 1
491 492 -1
491 495 1
490 473 1
490 474 1
490 482 2
490 483 1
490 485 2
490 487 1
490 489 1
490 492 1
490 493 1
490 495 1
490 496 1
489 471 1
489 475 2
489 476 1
489 478 1
489 482 1
489 484 -2
489 485 2
489 486 1
489 487 1
489 490 2
489 491 2
489 492 1
489 493 1
489 494 1
489 495 1
489 496 2
489 497 1
488 471 2
488 478 2
488 484 2
488 497 1
487 473 1
487 475 2
487 482 2
487 483 2
487 485 1
487 488 -1
487 489 -1
487 490 2
487 492 -1
487 494 2
487 495 1
486 473 1
486 482 1
486 483 1
486 485 1
486 487 2
486 490 1
486 493 1
486 494 2
486 495 1
486 496 1
486 497 2
485 472 1
485 474 1
485 480 1
485 481 1
485 482 1
485 483 1
485 484 -1
485 487 1
485 488 -2
485 489 1
485 490 2
485 492 2
485 493 1
485 494 2
485 495 2
485 496 2
484 475 2
484 488 2
484 489 -1
484 490 1
484 493 1
484 494 1
484 496 1
484 497 2
483 473 2
483 474 1
483 475 2
483 476 1
483 477 1
483 478 1
483 479 1
483 480 1
483 481 1
483 482 2
483 485 1
483 486 1
483 487 2
483 490 2
483 493 1
483 494 2
483 495 1
483 496 1
482 483 2
482 487 2
482 490 2
481 472 2
481 476 1
481 480 2
481 482 1
481 483 2
481 485 2
481 486 -1
481 487 -1
481 492 -2
481 493 -2
480 471 1
480 472 2
480 473 1
480 474 1
480 475 1
480 476 1
480 477 1
480 478 1
480 479 1
480 481 2
480 482 1
480 483 1
480 485 1
480 486 1
480 487 1
480 488 1
480 490 1
480 492 1
480 493 1
480 494 1
480 495 1
480 496 1
480 497 1
479 472 1
479 474 1
479 475 2
479 476 1
479 477 2
479 480 2
479 485 -1
478 471 2
478 475 1
478 476 1
478 479 1
478 482 1
478 483 1
478 484 1
478 488 2
477 471 1
477 472 1
477 473 1
477 474 1
477 475 1
477 476 1
477 478 1
477 479 1
477 480 1
477 481 1
477 482 1
477 483 1
477 486 1
477 487 1
477 492 2
477 495 1
477 496 1
476 478 1
476 482 1
476 483 1
476 494 1
476 496 2
476 497 1
475 471 1
475 472 -1
475 473 2
475 474 1
475 476 1
475 477 1
475 478 2
475 479 1
475 480 1
475 481 1
475 482 2
475 483 2
475 484 2
475 485 1
475 487 2
475 490 2
475 492 -1
475 495 1
475 496 1
475 497 1
474 471 1
474 472 1
474 473 1
474 475 1
474 476 1
474 477 2
474 478 1
474 479 1
474 480 1
474 481 1
474 482 1
474 483 1
474 485 1
474 486 1
474 487 1
474 490 1
474 492 2
474 493 1
474 494 1
474 495 1
474 496 1
473 474 2
473 475 2
473 482 2
473 483 2
473 484 -1
473 488 -1
473 490 1
473 495 2
473 496 1
472 473 1
472 474 1
472 475 1
472 476 2
472 477 1
472 479 1
472 480 2
472 481 2
472 485 2
472 490 1
471 475 1
471 478 2
471 484 -2
471 488 1