388 370 1
388 371 1
388 372 2
388 374 1
388 376 1
388 377 1
388 380 1
388 382 1
388 383 -1
388 384 1
388 385 1
388 386 1
388 387 1
387 372 -1
386 370 1
386 371 1
386 372 1
386 373 1
386 374 -1
386 375 1
386 376 1
386 377 1
386 378 -1
386 379 2
386 381 1
386 382 1
386 384 2
386 385 1
386 387 -1
386 388 2
385 372 2
385 374 1
385 376 1
385 377 1
385 378 2
385 379 2
385 382 1
385 384 1
385 387 -1
385 388 1
384 372 1
384 377 1
384 378 -1
384 380 1
384 382 1
384 383 -1
384 387 -1
383 370 1
383 373 1
383 375 2
383 376 1
383 387 1
382 370 1
382 371 1
382 372 1
382 373 1
382 374 2
382 375 1
382 376 1
382 377 1
382 378 2
382 379 2
382 380 1
382 381 1
382 383 1
382 384 1
382 385 2
382 386 1
382 387 1
382 388 1
380 383 -2
380 384 2
380 387 -2
379 372 2
379 374 2
379 376 1
379 378 2
379 382 2
379 384 1
379 385 2
378 372 2
378 373 1
378 374 2
378 376 1
378 379 2
378 381 1
378 382 2
378 383 1
378 385 2
378 386 -1
377 370 1
377 372 2
377 374 1
377 376 2
377 378 1
377 379 1
377 380 1
377 382 1
377 384 2
377 385 2
377 387 1
377 388 1
376 370 2
376 372 2
376 373 2
376 377 1
376 378 1
376 379 1
376 381 2
376 383 1
376 387 1
376 388 1
373 372 1
373 376 1
373 383 -1
372 373 1
372 374 1
372 376 2
372 377 2
372 378 1
372 379 1
372 383 -1
372 384 1
372 385 2
372 387 -2
372 388 2
371 372 1
371 388 1
370 375 1
370 376 2
370 381 2
370 382 1
370 383 1
370 386 1
370 387 1
370 388 1403 390 1
403 393 1
403 394 2
403 395 -1
403 397 2
403 399 2
403 400 1
403 402 1
403 404 2
402 389 1
402 392 1
402 393 2
402 394 2
402 395 1
402 397 1
402 398 2
402 399 2
402 400 1
402 401 1
402 404 1
401 389 1
401 390 1
401 391 1
401 392 1
401 393 2
401 394 1
401 395 2
401 396 1
401 397 1
401 398 1
401 399 2
401 400 2
401 402 2
401 403 1
401 404 1
400 390 1
400 392 2
400 393 2
400 394 1
400 395 2
400 397 1
400 398 1
400 399 1
400 401 2
400 402 1
400 403 1
400 404 1
399 392 1
399 393 2
399 394 2
399 395 -2
399 397 2
399 398 1
399 400 1
399 401 1
399 402 2
399 403 2
399 404 2
398 389 1
398 390 2
398 391 1
398 392 2
398 393 2
398 394 2
398 395 2
398 396 1
398 397 2
398 399 2
398 400 2
398 401 2
398 402 2
398 403 1
398 404 2
397 392 1
397 393 2
397 394 2
397 395 -2
397 398 2
397 399 2
397 400 1
397 401 1
397 402 2
397 403 2
397 404 1
396 391 2
396 392 2
396 404 2
395 389 1
395 390 1
395 391 1
395 392 1
395 393 2
395 394 1
395 396 1
395 397 1
395 398 2
395 399 1
395 400 2
395 401 2
395 402 2
395 403 1
395 404 1
394 389 -1
394 390 1
394 391 1
394 392 2
394 393 1
394 395 1
394 396 1
394 397 1
394 398 2
394 399 2
394 400 1
394 401 1
394 402 2
394 403 1
394 404 1
392 389 2
392 390 2
392 391 2
392 393 2
392 394 2
392 395 1
392 396 2
392 397 2
392 398 2
392 399 2
392 400 2
392 401 2
392 402 2
392 403 2
392 404 2
390 392 1
390 393 2
390 398 2
390 403 1
390 404 1
389 402 1403 390 1
403 393 1
403 394 2
403 395 -1
403 397 2
403 399 2
403 400 1
403 402 1
403 404 2
402 389 1
402 392 1
402 393 2
402 394 2
402 395 1
402 397 1
402 398 2
402 399 2
402 400 1
402 401 1
402 404 1
401 389 1
401 390 1
401 391 1
401 392 1
401 393 2
401 394 1
401 395 2
401 396 1
401 397 1
401 398 1
401 399 2
401 400 2
401 402 2
401 403 1
401 404 1
400 390 1
400 392 2
400 393 2
400 394 1
400 395 2
400 397 1
400 398 1
400 399 1
400 401 2
400 402 1
400 403 1
400 404 1
399 392 1
399 393 2
399 394 2
399 395 -2
399 397 2
399 398 1
399 400 1
399 401 1
399 402 2
399 403 2
399 404 2
398 389 1
398 390 2
398 391 1
398 392 2
398 393 2
398 394 2
398 395 2
398 396 1
398 397 2
398 399 2
398 400 2
398 401 2
398 402 2
398 403 1
398 404 2
397 392 1
397 393 2
397 394 2
397 395 -2
397 398 2
397 399 2
397 400 1
397 401 1
397 402 2
397 403 2
397 404 1
396 391 2
396 392 2
396 404 2
395 389 1
395 390 1
395 391 1
395 392 1
395 393 2
395 394 1
395 396 1
395 397 1
395 398 2
395 399 1
395 400 2
395 401 2
395 402 2
395 403 1
395 404 1
394 389 -1
394 390 1
394 391 1
394 392 2
394 393 1
394 395 1
394 396 1
394 397 1
394 398 2
394 399 2
394 400 1
394 401 1
394 402 2
394 403 1
394 404 1
392 389 2
392 390 2
392 391 2
392 393 2
392 394 2
392 395 1
392 396 2
392 397 2
392 398 2
392 399 2
392 400 2
392 401 2
392 402 2
392 403 2
392 404 2
390 392 1
390 393 2
390 398 2
390 403 1
390 404 1
389 402 1