540 526 1
540 536 1
540 539 1
539 526 1
539 533 1
539 534 1
539 535 1
539 536 2
539 537 1
539 538 2
539 540 2
538 531 1
538 533 1
538 534 2
538 535 1
538 536 2
538 537 1
538 539 2
538 540 1
537 527 2
537 533 2
537 536 1
536 526 2
536 530 -1
536 532 -1
536 533 1
536 537 1
536 538 1
536 539 1
536 540 1
533 529 1
533 537 1
532 527 1
532 528 1
532 529 1
532 533 1
530 527 2
530 529 2
530 531 1
530 532 2
530 536 1
529 527 1
529 528 1
529 530 2
529 532 1
529 533 2
528 527 1
528 529 1
528 530 1
528 532 1
528 536 2
527 526 1
527 528 1
527 529 2
527 530 2
527 531 1
527 532 2
527 533 1
527 537 2
526 531 1
526 532 1
526 536 2
526 539 2
526 540 2